[gd_scene load_steps=12 format=2]

[ext_resource path="res://Main.gd" type="Script" id=1]
[ext_resource path="res://Walls.tscn" type="PackedScene" id=2]
[ext_resource path="res://Box.tscn" type="PackedScene" id=3]
[ext_resource path="res://Box.gd" type="Script" id=4]
[ext_resource path="res://Floor.tscn" type="PackedScene" id=5]
[ext_resource path="res://Ramp.tscn" type="PackedScene" id=6]
[ext_resource path="res://Ball.tscn" type="PackedScene" id=7]
[ext_resource path="res://GoalPiece.tscn" type="PackedScene" id=8]
[ext_resource path="res://Player.tscn" type="PackedScene" id=9]
[ext_resource path="res://Player.gd" type="Script" id=10]

[sub_resource type="BoxShape" id=1]

[node name="Main" type="Spatial"]
script = ExtResource( 1 )

[node name="Walls" parent="." instance=ExtResource( 2 )]
transform = Transform( 1, 0, 0, 0, 1, 0, 0, 0, 1, 10, 1, 0 )

[node name="Walls2" parent="." instance=ExtResource( 2 )]
transform = Transform( 1, 0, 0, 0, 1, 0, 0, 0, 1, -10, 1, 0 )

[node name="Walls3" parent="." instance=ExtResource( 2 )]
transform = Transform( -4.37114e-008, 0, 1, 0, 1, 0, -1, 0, -4.37114e-008, 0, 1, 9.5 )

[node name="Walls4" parent="." instance=ExtResource( 2 )]
transform = Transform( -4.37114e-008, 0, 1, 0, 1, 0, -1, 0, -4.37114e-008, 0, 1, -9.5 )

[node name="Box" parent="." instance=ExtResource( 3 )]
transform = Transform( 1, 0, 0, 0, 1, 0, 0, 0, 1, -6.33623, 3.20055, 6.349 )
script = ExtResource( 4 )

[node name="Floor" parent="." instance=ExtResource( 5 )]

[node name="Ramp" parent="." instance=ExtResource( 6 )]
transform = Transform( -3.9616e-008, -0.422618, -0.906308, -1.84732e-008, 0.906308, -0.422618, 1, 0, -4.37114e-008, 11.5, 3, 0 )

[node name="Ball" parent="." instance=ExtResource( 7 )]
transform = Transform( 1, 0, 0, 0, 1, 0, 0, 0, 1, 27, 6.5, 0 )

[node name="GoalPiece" parent="." instance=ExtResource( 8 )]
transform = Transform( 0.00173891, 0, -0.999999, 0, 1, 0, 0.999999, 0, 0.00173891, 21.3401, 11.1432, 8.7816 )

[node name="EndPlatform" parent="." instance=ExtResource( 5 )]
transform = Transform( 1, 0, 0, 0, 1, 0, 0, 0, 1, 27, 5, 0 )

[node name="Area" type="Area" parent="EndPlatform"]
transform = Transform( 3.95, 0, 0, 0, 5.605, 0, 0, 0, 1, -0.5, -13.5, 10.5 )

[node name="CollisionShape" type="CollisionShape" parent="EndPlatform/Area"]
transform = Transform( 1, 0, 0, 0, 1, 0, 0, 0, 1, 0, 3.5, 0 )
shape = SubResource( 1 )

[node name="Player" parent="." instance=ExtResource( 9 )]
transform = Transform( 1, 0, 0, 0, -4.37114e-008, -1, 0, 1, -4.37114e-008, 0, 2, 0 )
script = ExtResource( 10 )

[node name="Camera" type="Camera" parent="Player"]
transform = Transform( -0.0713938, 0.573577, -0.816035, 0.996195, -2.08484e-008, -0.0871558, -0.0499905, -0.819152, -0.571394, -12.5, 0.499999, -13 )

[node name="Panel" type="Panel" parent="."]
margin_left = 384.009
margin_top = 235.174
margin_right = 635.009
margin_bottom = 326.174

[node name="Label" type="Label" parent="Panel"]
margin_left = 96.1117
margin_top = 39.9108
margin_right = 149.112
margin_bottom = 53.9108
text = "You win!"

[node name="DirectionalLight" type="DirectionalLight" parent="."]
transform = Transform( -0.507858, -0.614196, -0.604023, -0.821808, 0.135203, 0.553491, -0.258286, 0.777486, -0.573415, -9.5, 17.5, -21.5 )
light_energy = 0.5
shadow_enabled = true

[connection signal="body_entered" from="Box" to="Box" method="_on_Box_body_entered"]
[connection signal="body_entered" from="EndPlatform/Area" to="." method="_on_Area_body_entered"]
